age
0
.04
.08
.12
.16
.2
.24
.28
.32
.36
.4
.44
.48
.52
.56
.6
.64
.68
.72
.76
.8
.84
.88
.92
.96
1
1.05
1.1
1.15
1.2
1.25
1.3
1.35
1.4
1.45
1.5
1.55
1.6
1.65
1.7
1.75
1.8
1.85
1.9
1.95
2
2.06667
2.13333
2.2
2.26667
2.33333
2.4
2.46667
2.53333
2.6
2.66667
2.73333
2.8
2.86666
2.93334
3
3.1
3.2
3.3
3.4
3.5
3.6
3.7
3.8
3.9
4
4.12501
4.25
4.37501
4.5
4.62501
4.75
4.87501
5
5.2
5.4
5.6
5.8
6
6.25
6.5
6.75
7
7.25
7.5
7.75
8
8.25
8.5
8.75
9
9.25
9.5
9.75
10
10.5
11
11.5
12
12.5
13
13.5
14
14.5
15
15.5
16
16.5
17
17.5
18
18.5
19
19.5
20
21
22
23
24
25
26
27
28
29
30
32
34
36
38
40
42
44
46
48
50
52
54
56
58
60
62
64
66
68
70
72
74
76
78
80
82
84
86
88
90
92
94
96
98
100
